 2000    0    0    0    0    0    0    0    0    0    0    0    0 0 0 0
 3000 3001 3003 3004 3005 3006 3008 3010 3050 3051 3053 3065 3205 0 0 0
 3001 3000 3003 3004 3005 3006 3008 3010 3050 3051 3053 3065 3205 0 0 0
 3002 3053 3065 3066 3067 3121 3141 0 0 0 0 0 0 0 0 0
 3003 3000 3001 3004 3005 3006 3008 3010 3050 3051 3053 0 0 0 0 0
 3004 3000 3001 3003 3005 3006 3008 3010 3050 3051 3053 3065 3205 0 0 0
 3005 3000 3001 3003 3004 3006 3008 3010 3050 3051 3053 3065 3205 0 0 0
 3006 3000 3001 3003 3004 3005 3008 3051 3141 3205 0 0 0 0 0 0
 3008 3000 3001 3003 3004 3005 3006 3010 3050 3051 3053 3205 0 0 0 0
 3010 3000 3001 3003 3004 3005 3008 3050 3051 3053 3054 3065 0 0 0 0
 3011 3013 3032 0 0 0 0 0 0 0 0 0 0 0 0 0
 3012 3013 3019 0 0 0 0 0 0 0 0 0 0 0 0 0
 3013 3011 3012 3015 0 0 0 0 0 0 0 0 0 0 0 0
 3015 3012 3013 3016 0 0 0 0 0 0 0 0 0 0 0 0
 3016 3015 0 0 0 0 0 0 0 0 0 0 0 0 0 0
 3018 3025 0 0 0 0 0 0 0 0 0 0 0 0 0 0
 3019 3012 0 0 0 0 0 0 0 0 0 0 0 0 0 0
 3020 3019 0 0 0 0 0 0 0 0 0 0 0 0 0 0
 3021 3023 3036 3037 0 0 0 0 0 0 0 0 0 0 0 0
 3022 3023 0 0 0 0 0 0 0 0 0 0 0 0 0 0
 3023 3021 3022 0 0 0 0 0 0 0 0 0 0 0 0 0
 3024 3338 0 0 0 0 0 0 0 0 0 0 0 0 0 0
 3025 3012 0 0 0 0 0 0 0 0 0 0 0 0 0 0
 3026 3029 0 0 0 0 0 0 0 0 0 0 0 0 0 0
 3027 3030 0 0 0 0 0 0 0 0 0 0 0 0 0 0
 3028 3030 0 0 0 0 0 0 0 0 0 0 0 0 0 0
 3029 3026 3028 3030 0 0 0 0 0 0 0 0 0 0 0 0
 3030 3026 3027 3028 3029 0 0 0 0 0 0 0 0 0 0 0
 3031 3032 0 0 0 0 0 0 0 0 0 0 0 0 0 0
 3032 3011 3012 3031 3039 3040 3051 3052 3055 3057 3058 0 0 0 0 0
 3033 3042 0 0 0 0 0 0 0 0 0 0 0 0 0 0
 3034 3012 0 0 0 0 0 0 0 0 0 0 0 0 0 0
 3036 3038 0 0 0 0 0 0 0 0 0 0 0 0 0 0
 3037 3021 3038 0 0 0 0 0 0 0 0 0 0 0 0 0
 3038 3036 3037 0 0 0 0 0 0 0 0 0 0 0 0 0
 3039 3032 3040 0 0 0 0 0 0 0 0 0 0 0 0 0
 3040 3012 3032 3039 3042 0 0 0 0 0 0 0 0 0 0 0
 3041 3042 3043 3046 0 0 0 0 0 0 0 0 0 0 0 0
 3042 3033 3040 3041 0 0 0 0 0 0 0 0 0 0 0 0
 3043 3041 3046 3047 3049 0 0 0 0 0 0 0 0 0 0 0
 3044 3052 0 0 0 0 0 0 0 0 0 0 0 0 0 0
 3045 3063 0 0 0 0 0 0 0 0 0 0 0 0 0 0
 3046 3041 3043 3047 3061 0 0 0 0 0 0 0 0 0 0 0
 3047 3043 3046 3048 3049 3061 0 0 0 0 0 0 0 0 0 0
 3048 3047 3062 0 0 0 0 0 0 0 0 0 0 0 0 0
 3049 3043 3047 0 0 0 0 0 0 0 0 0 0 0 0 0
 3050 3000 3001 3003 3004 3005 3008 3010 3051 3053 3054 0 0 0 0 0
 3051 3000 3001 3003 3004 3005 3006 3008 3010 3032 3050 3053 3054 0 0 0
 3052 3055 3056 3057 3058 0 0 0 0 0 0 0 0 0 0 0
 3053 3000 3001 3002 3003 3004 3005 3008 3010 3050 3051 3054 3065 3066 0 0
 3054 3010 3050 3051 3053 3056 3065 3066 0 0 0 0 0 0 0 0
 3055 3052 3056 3057 3058 0 0 0 0 0 0 0 0 0 0 0
 3056 3052 3054 3055 3057 3058 0 0 0 0 0 0 0 0 0 0
 3057 3052 3055 3056 3058 0 0 0 0 0 0 0 0 0 0 0
 3058 3044 3052 3055 3056 3057 0 0 0 0 0 0 0 0 0 0
 3059 3063 0 0 0 0 0 0 0 0 0 0 0 0 0 0
 3060 3044 0 0 0 0 0 0 0 0 0 0 0 0 0 0
 3061 3046 3047 0 0 0 0 0 0 0 0 0 0 0 0 0
 3062 3048 0 0 0 0 0 0 0 0 0 0 0 0 0 0
 3063 3059 0 0 0 0 0 0 0 0 0 0 0 0 0 0
 3064 3048 0 0 0 0 0 0 0 0 0 0 0 0 0 0
 3065 3000 3001 3002 3004 3005 3010 3053 3054 3066 3068 0 0 0 0 0
 3066 3002 3053 3054 3065 3067 3068 3121 0 0 0 0 0 0 0 0
 3067 3002 3066 3068 3121 0 0 0 0 0 0 0 0 0 0 0
 3068 3065 3066 3067 3070 0 0 0 0 0 0 0 0 0 0 0
 3070 3068 3071 3072 0 0 0 0 0 0 0 0 0 0 0 0
 3071 3070 3072 0 0 0 0 0 0 0 0 0 0 0 0 0
 3072 3070 3071 3073 3083 0 0 0 0 0 0 0 0 0 0 0
 3073 3072 3074 3083 0 0 0 0 0 0 0 0 0 0 0 0
 3074 3073 3075 0 0 0 0 0 0 0 0 0 0 0 0 0
 3075 3074 3076 0 0 0 0 0 0 0 0 0 0 0 0 0
 3076 3075 0 0 0 0 0 0 0 0 0 0 0 0 0 0
 3078 3079 0 0 0 0 0 0 0 0 0 0 0 0 0 0
 3079 3078 3081 3084 0 0 0 0 0 0 0 0 0 0 0 0
 3081 3079 3084 0 0 0 0 0 0 0 0 0 0 0 0 0
 3082 3083 0 0 0 0 0 0 0 0 0 0 0 0 0 0
 3083 3072 3073 3074 3085 0 0 0 0 0 0 0 0 0 0 0
 3084 3079 0 0 0 0 0 0 0 0 0 0 0 0 0 0
 3085 3084 3086 3087 3088 0 0 0 0 0 0 0 0 0 0 0
 3086 3085 3087 0 0 0 0 0 0 0 0 0 0 0 0 0
 3087 3085 3086 3088 0 0 0 0 0 0 0 0 0 0 0 0
 3088 3085 3087 3093 3094 0 0 0 0 0 0 0 0 0 0 0
 3089 3096 0 0 0 0 0 0 0 0 0 0 0 0 0 0
 3090 3752 0 0 0 0 0 0 0 0 0 0 0 0 0 0
 3091 3089 0 0 0 0 0 0 0 0 0 0 0 0 0 0
 3093 3088 3094 3106 0 0 0 0 0 0 0 0 0 0 0 0
 3094 3088 3093 0 0 0 0 0 0 0 0 0 0 0 0 0
 3095 3093 0 0 0 0 0 0 0 0 0 0 0 0 0 0
 3096 3099 0 0 0 0 0 0 0 0 0 0 0 0 0 0
 3097 3095 0 0 0 0 0 0 0 0 0 0 0 0 0 0
 3099 3759 0 0 0 0 0 0 0 0 0 0 0 0 0 0
 3101 3122 3123 0 0 0 0 0 0 0 0 0 0 0 0 0
 3102 3123 0 0 0 0 0 0 0 0 0 0 0 0 0 0
 3103 3124 3126 3127 0 0 0 0 0 0 0 0 0 0 0 0
 3104 3127 3129 0 0 0 0 0 0 0 0 0 0 0 0 0
 3105 3084 0 0 0 0 0 0 0 0 0 0 0 0 0 0
 3106 3093 3107 0 0 0 0 0 0 0 0 0 0 0 0 0
 3107 3106 0 0 0 0 0 0 0 0 0 0 0 0 0 0
 3108 3127 3129 0 0 0 0 0 0 0 0 0 0 0 0 0
 3109 3111 0 0 0 0 0 0 0 0 0 0 0 0 0 0
 3110 3113 3134 0 0 0 0 0 0 0 0 0 0 0 0 0
 3111 3109 0 0 0 0 0 0 0 0 0 0 0 0 0 0
 3113 3110 3134 0 0 0 0 0 0 0 0 0 0 0 0 0
 3114 3134 0 0 0 0 0 0 0 0 0 0 0 0 0 0
 3115 3110 0 0 0 0 0 0 0 0 0 0 0 0 0 0
 3116 3140 0 0 0 0 0 0 0 0 0 0 0 0 0 0
 3121 3142 0 0 0 0 0 0 0 0 0 0 0 0 0 0
 3122 3123 3144 0 0 0 0 0 0 0 0 0 0 0 0 0
 3123 3101 3102 3122 3124 3144 0 0 0 0 0 0 0 0 0 0
 3124 3103 3122 3123 3126 3146 0 0 0 0 0 0 0 0 0 0
 3125 3128 3147 0 0 0 0 0 0 0 0 0 0 0 0 0
 3126 3103 3124 3127 0 0 0 0 0 0 0 0 0 0 0 0
 3127 3126 0 0 0 0 0 0 0 0 0 0 0 0 0 0
 3128 3125 0 0 0 0 0 0 0 0 0 0 0 0 0 0
 3129 3104 3108 3127 3128 0 0 0 0 0 0 0 0 0 0 0
 3130 3131 3151 0 0 0 0 0 0 0 0 0 0 0 0 0
 3131 3130 3133 3151 0 0 0 0 0 0 0 0 0 0 0 0
 3132 3133 0 0 0 0 0 0 0 0 0 0 0 0 0 0
 3133 3131 3132 0 0 0 0 0 0 0 0 0 0 0 0 0
 3134 3135 0 0 0 0 0 0 0 0 0 0 0 0 0 0
 3135 3134 3136 3153 0 0 0 0 0 0 0 0 0 0 0 0
 3136 3134 3135 3137 3138 0 0 0 0 0 0 0 0 0 0 0
 3137 3136 3138 3765 0 0 0 0 0 0 0 0 0 0 0 0
 3138 3136 3137 0 0 0 0 0 0 0 0 0 0 0 0 0
 3139 3781 3782 3797 0 0 0 0 0 0 0 0 0 0 0 0
 3140 3116 0 0 0 0 0 0 0 0 0 0 0 0 0 0
 3141 3002 3006 3121 3181 3205 0 0 0 0 0 0 0 0 0 0
 3142 3121 3122 3143 3144 3181 0 0 0 0 0 0 0 0 0 0
 3143 3144 0 0 0 0 0 0 0 0 0 0 0 0 0 0
 3144 3122 3143 0 0 0 0 0 0 0 0 0 0 0 0 0
 3145 3144 3146 3147 3161 3162 3163 0 0 0 0 0 0 0 0 0
 3146 3124 3145 0 0 0 0 0 0 0 0 0 0 0 0 0
 3147 3125 3145 3148 0 0 0 0 0 0 0 0 0 0 0 0
 3148 3166 0 0 0 0 0 0 0 0 0 0 0 0 0 0
 3149 3148 3150 0 0 0 0 0 0 0 0 0 0 0 0 0
 3150 3149 3170 0 0 0 0 0 0 0 0 0 0 0 0 0
 3151 3130 3131 0 0 0 0 0 0 0 0 0 0 0 0 0
 3152 3179 0 0 0 0 0 0 0 0 0 0 0 0 0 0
 3153 3135 3155 0 0 0 0 0 0 0 0 0 0 0 0 0
 3154 3786 0 0 0 0 0 0 0 0 0 0 0 0 0 0
 3155 3153 3156 0 0 0 0 0 0 0 0 0 0 0 0 0
 3156 3155 0 0 0 0 0 0 0 0 0 0 0 0 0 0
 3158 3160 3785 3786 3789 0 0 0 0 0 0 0 0 0 0 0
 3159 3782 3792 0 0 0 0 0 0 0 0 0 0 0 0 0
 3160 3158 3785 3786 3789 3791 0 0 0 0 0 0 0 0 0 0
 3161 3143 3144 3145 3162 3185 0 0 0 0 0 0 0 0 0 0
 3162 3186 0 0 0 0 0 0 0 0 0 0 0 0 0 0
 3163 3204 0 0 0 0 0 0 0 0 0 0 0 0 0 0
 3164 3148 3166 3168 3800 0 0 0 0 0 0 0 0 0 0 0
 3165 3189 3204 0 0 0 0 0 0 0 0 0 0 0 0 0
 3166 3148 3163 3164 3165 3167 3168 3800 0 0 0 0 0 0 0 0
 3167 3166 3169 0 0 0 0 0 0 0 0 0 0 0 0 0
 3168 3164 3166 3169 3800 0 0 0 0 0 0 0 0 0 0 0
 3169 3167 3168 3202 0 0 0 0 0 0 0 0 0 0 0 0
 3170 3150 0 0 0 0 0 0 0 0 0 0 0 0 0 0
 3171 3172 3174 0 0 0 0 0 0 0 0 0 0 0 0 0
 3172 3171 3174 3195 0 0 0 0 0 0 0 0 0 0 0 0
 3173 3174 0 0 0 0 0 0 0 0 0 0 0 0 0 0
 3174 3171 3172 3175 3176 0 0 0 0 0 0 0 0 0 0 0
 3175 3173 3174 3176 0 0 0 0 0 0 0 0 0 0 0 0
 3176 3174 3175 0 0 0 0 0 0 0 0 0 0 0 0 0
 3177 3802 3803 0 0 0 0 0 0 0 0 0 0 0 0 0
 3178 3179 0 0 0 0 0 0 0 0 0 0 0 0 0 0
 3179 3152 3180 0 0 0 0 0 0 0 0 0 0 0 0 0
 3180 3179 0 0 0 0 0 0 0 0 0 0 0 0 0 0
 3181 3121 3141 3142 3182 3183 0 0 0 0 0 0 0 0 0 0
 3182 3181 3183 3184 3185 3206 0 0 0 0 0 0 0 0 0 0
 3183 3181 3182 3184 3185 0 0 0 0 0 0 0 0 0 0 0
 3184 3182 3183 3185 0 0 0 0 0 0 0 0 0 0 0 0
 3185 3186 0 0 0 0 0 0 0 0 0 0 0 0 0 0
 3186 3185 3187 0 0 0 0 0 0 0 0 0 0 0 0 0
 3187 3162 3185 3186 3188 3189 3191 3193 3204 0 0 0 0 0 0 0
 3188 3189 3190 3191 3204 0 0 0 0 0 0 0 0 0 0 0
 3189 3165 3188 3190 3204 0 0 0 0 0 0 0 0 0 0 0
 3190 3188 3189 3192 0 0 0 0 0 0 0 0 0 0 0 0
 3191 3187 3188 3193 0 0 0 0 0 0 0 0 0 0 0 0
 3192 3190 3193 3194 0 0 0 0 0 0 0 0 0 0 0 0
 3193 3187 3190 3191 3192 0 0 0 0 0 0 0 0 0 0 0
 3194 3192 3195 0 0 0 0 0 0 0 0 0 0 0 0 0
 3195 3196 0 0 0 0 0 0 0 0 0 0 0 0 0 0
 3196 3195 3197 0 0 0 0 0 0 0 0 0 0 0 0 0
 3197 3196 3198 0 0 0 0 0 0 0 0 0 0 0 0 0
 3198 3197 3200 0 0 0 0 0 0 0 0 0 0 0 0 0
 3199 3198 3200 3201 3910 0 0 0 0 0 0 0 0 0 0 0
 3200 3198 3199 0 0 0 0 0 0 0 0 0 0 0 0 0
 3201 3200 0 0 0 0 0 0 0 0 0 0 0 0 0 0
 3202 3169 0 0 0 0 0 0 0 0 0 0 0 0 0 0
 3204 3189 0 0 0 0 0 0 0 0 0 0 0 0 0 0
 3205 3000 3001 3004 3005 3006 3008 3141 3206 3207 0 0 0 0 0 0
 3206 3182 3205 3207 0 0 0 0 0 0 0 0 0 0 0 0
 3207 3008 3205 3206 0 0 0 0 0 0 0 0 0 0 0 0
 3211 3024 0 0 0 0 0 0 0 0 0 0 0 0 0 0
 3212 3214 0 0 0 0 0 0 0 0 0 0 0 0 0 0
 3213 3215 3221 0 0 0 0 0 0 0 0 0 0 0 0 0
 3214 3215 0 0 0 0 0 0 0 0 0 0 0 0 0 0
 3215 3214 3218 0 0 0 0 0 0 0 0 0 0 0 0 0
 3216 3217 0 0 0 0 0 0 0 0 0 0 0 0 0 0
 3217 3216 0 0 0 0 0 0 0 0 0 0 0 0 0 0
 3218 3213 3215 3221 0 0 0 0 0 0 0 0 0 0 0 0
 3219 3220 0 0 0 0 0 0 0 0 0 0 0 0 0 0
 3220 3218 0 0 0 0 0 0 0 0 0 0 0 0 0 0
 3221 3212 3213 3214 3215 3216 3217 3218 3219 3220 3222 3224 3331 3332 0 0
 3222 3221 3224 3226 3227 0 0 0 0 0 0 0 0 0 0 0
 3223 3222 0 0 0 0 0 0 0 0 0 0 0 0 0 0
 3224 3221 3222 0 0 0 0 0 0 0 0 0 0 0 0 0
 3225 3222 0 0 0 0 0 0 0 0 0 0 0 0 0 0
 3226 3227 0 0 0 0 0 0 0 0 0 0 0 0 0 0
 3227 3226 0 0 0 0 0 0 0 0 0 0 0 0 0 0
 3228 3231 3922 0 0 0 0 0 0 0 0 0 0 0 0 0
 3230 3228 0 0 0 0 0 0 0 0 0 0 0 0 0 0
 3231 3228 3230 3922 0 0 0 0 0 0 0 0 0 0 0 0
 3232 3235 0 0 0 0 0 0 0 0 0 0 0 0 0 0
 3233 3238 0 0 0 0 0 0 0 0 0 0 0 0 0 0
 3234 3249 0 0 0 0 0 0 0 0 0 0 0 0 0 0
 3235 3243 0 0 0 0 0 0 0 0 0 0 0 0 0 0
 3236 3249 0 0 0 0 0 0 0 0 0 0 0 0 0 0
 3237 3238 0 0 0 0 0 0 0 0 0 0 0 0 0 0
 3238 3237 0 0 0 0 0 0 0 0 0 0 0 0 0 0
 3239 3237 0 0 0 0 0 0 0 0 0 0 0 0 0 0
 3240 3241 0 0 0 0 0 0 0 0 0 0 0 0 0 0
 3241 3235 0 0 0 0 0 0 0 0 0 0 0 0 0 0
 3242 3243 0 0 0 0 0 0 0 0 0 0 0 0 0 0
 3243 3242 3249 0 0 0 0 0 0 0 0 0 0 0 0 0
 3249 3236 3237 3239 3243 3250 3251 3254 0 0 0 0 0 0 0 0
 3250 3249 0 0 0 0 0 0 0 0 0 0 0 0 0 0
 3251 3249 0 0 0 0 0 0 0 0 0 0 0 0 0 0
 3254 3249 0 0 0 0 0 0 0 0 0 0 0 0 0 0
 3260 3266 0 0 0 0 0 0 0 0 0 0 0 0 0 0
 3264 3265 0 0 0 0 0 0 0 0 0 0 0 0 0 0
 3265 3264 3279 0 0 0 0 0 0 0 0 0 0 0 0 0
 3266 3260 3267 0 0 0 0 0 0 0 0 0 0 0 0 0
 3267 3266 0 0 0 0 0 0 0 0 0 0 0 0 0 0
 3268 3267 0 0 0 0 0 0 0 0 0 0 0 0 0 0
 3269 3268 0 0 0 0 0 0 0 0 0 0 0 0 0 0
 3270 3268 0 0 0 0 0 0 0 0 0 0 0 0 0 0
 3271 3272 0 0 0 0 0 0 0 0 0 0 0 0 0 0
 3272 3273 0 0 0 0 0 0 0 0 0 0 0 0 0 0
 3273 3272 0 0 0 0 0 0 0 0 0 0 0 0 0 0
 3274 3289 0 0 0 0 0 0 0 0 0 0 0 0 0 0
 3275 3281 0 0 0 0 0 0 0 0 0 0 0 0 0 0
 3276 3281 0 0 0 0 0 0 0 0 0 0 0 0 0 0
 3277 3265 0 0 0 0 0 0 0 0 0 0 0 0 0 0
 3278 3265 0 0 0 0 0 0 0 0 0 0 0 0 0 0
 3279 3265 3278 0 0 0 0 0 0 0 0 0 0 0 0 0
 3280 3282 0 0 0 0 0 0 0 0 0 0 0 0 0 0
 3281 3275 3283 0 0 0 0 0 0 0 0 0 0 0 0 0
 3282 3283 0 0 0 0 0 0 0 0 0 0 0 0 0 0
 3283 3282 0 0 0 0 0 0 0 0 0 0 0 0 0 0
 3284 3285 0 0 0 0 0 0 0 0 0 0 0 0 0 0
 3285 3305 0 0 0 0 0 0 0 0 0 0 0 0 0 0
 3286 3303 0 0 0 0 0 0 0 0 0 0 0 0 0 0
 3287 3289 0 0 0 0 0 0 0 0 0 0 0 0 0 0
 3289 3301 0 0 0 0 0 0 0 0 0 0 0 0 0 0
 3292 3304 0 0 0 0 0 0 0 0 0 0 0 0 0 0
 3293 3294 3301 0 0 0 0 0 0 0 0 0 0 0 0 0
 3294 3301 0 0 0 0 0 0 0 0 0 0 0 0 0 0
 3300 3301 0 0 0 0 0 0 0 0 0 0 0 0 0 0
 3301 3289 3300 3302 3303 3315 0 0 0 0 0 0 0 0 0 0
 3302 3303 0 0 0 0 0 0 0 0 0 0 0 0 0 0
 3303 3304 0 0 0 0 0 0 0 0 0 0 0 0 0 0
 3304 3286 3292 3301 3303 0 0 0 0 0 0 0 0 0 0 0
 3305 3304 0 0 0 0 0 0 0 0 0 0 0 0 0 0
 3309 3310 0 0 0 0 0 0 0 0 0 0 0 0 0 0
 3310 3315 0 0 0 0 0 0 0 0 0 0 0 0 0 0
 3311 3312 0 0 0 0 0 0 0 0 0 0 0 0 0 0
 3312 3311 0 0 0 0 0 0 0 0 0 0 0 0 0 0
 3314 3294 3381 3401 0 0 0 0 0 0 0 0 0 0 0 0
 3315 3310 3407 0 0 0 0 0 0 0 0 0 0 0 0 0
 3317 3315 0 0 0 0 0 0 0 0 0 0 0 0 0 0
 3318 3312 0 0 0 0 0 0 0 0 0 0 0 0 0 0
 3319 3318 0 0 0 0 0 0 0 0 0 0 0 0 0 0
 3321 3329 0 0 0 0 0 0 0 0 0 0 0 0 0 0
 3322 3323 0 0 0 0 0 0 0 0 0 0 0 0 0 0
 3323 3260 0 0 0 0 0 0 0 0 0 0 0 0 0 0
 3324 3325 0 0 0 0 0 0 0 0 0 0 0 0 0 0
 3325 3324 0 0 0 0 0 0 0 0 0 0 0 0 0 0
 3328 3333 0 0 0 0 0 0 0 0 0 0 0 0 0 0
 3329 3321 0 0 0 0 0 0 0 0 0 0 0 0 0 0
 3330 3322 0 0 0 0 0 0 0 0 0 0 0 0 0 0
 3331 3332 0 0 0 0 0 0 0 0 0 0 0 0 0 0
 3332 3331 0 0 0 0 0 0 0 0 0 0 0 0 0 0
 3333 3328 0 0 0 0 0 0 0 0 0 0 0 0 0 0
 3334 3352 0 0 0 0 0 0 0 0 0 0 0 0 0 0
 3335 3023 0 0 0 0 0 0 0 0 0 0 0 0 0 0
 3337 3338 0 0 0 0 0 0 0 0 0 0 0 0 0 0
 3338 3337 0 0 0 0 0 0 0 0 0 0 0 0 0 0
 3340 3341 3342 0 0 0 0 0 0 0 0 0 0 0 0 0
 3341 3342 0 0 0 0 0 0 0 0 0 0 0 0 0 0
 3342 3341 0 0 0 0 0 0 0 0 0 0 0 0 0 0
 3345 3352 0 0 0 0 0 0 0 0 0 0 0 0 0 0
 3350 3352 3353 3355 3356 0 0 0 0 0 0 0 0 0 0 0
 3351 3324 3325 3352 3354 3360 3361 0 0 0 0 0 0 0 0 0
 3352 3334 3350 3351 3353 3354 3355 3356 3357 3360 3363 3364 3370 3371 3461 3462
 3353 3350 3352 3355 3356 0 0 0 0 0 0 0 0 0 0 0
 3354 3351 0 0 0 0 0 0 0 0 0 0 0 0 0 0
 3355 3350 3352 3353 0 0 0 0 0 0 0 0 0 0 0 0
 3356 3350 3352 3353 0 0 0 0 0 0 0 0 0 0 0 0
 3357 3352 0 0 0 0 0 0 0 0 0 0 0 0 0 0
 3360 3351 0 0 0 0 0 0 0 0 0 0 0 0 0 0
 3361 3325 3351 0 0 0 0 0 0 0 0 0 0 0 0 0
 3363 3364 0 0 0 0 0 0 0 0 0 0 0 0 0 0
 3364 3363 3370 3461 3462 3465 3555 0 0 0 0 0 0 0 0 0
 3370 3363 0 0 0 0 0 0 0 0 0 0 0 0 0 0
 3371 3352 0 0 0 0 0 0 0 0 0 0 0 0 0 0
 3373 3361 0 0 0 0 0 0 0 0 0 0 0 0 0 0
 3374 3377 0 0 0 0 0 0 0 0 0 0 0 0 0 0
 3375 3378 0 0 0 0 0 0 0 0 0 0 0 0 0 0
 3377 3374 0 0 0 0 0 0 0 0 0 0 0 0 0 0
 3378 3351 0 0 0 0 0 0 0 0 0 0 0 0 0 0
 3379 3293 0 0 0 0 0 0 0 0 0 0 0 0 0 0
 3380 3385 0 0 0 0 0 0 0 0 0 0 0 0 0 0
 3381 3314 0 0 0 0 0 0 0 0 0 0 0 0 0 0
 3384 3469 0 0 0 0 0 0 0 0 0 0 0 0 0 0
 3385 3314 3381 0 0 0 0 0 0 0 0 0 0 0 0 0
 3387 3385 0 0 0 0 0 0 0 0 0 0 0 0 0 0
 3388 3480 0 0 0 0 0 0 0 0 0 0 0 0 0 0
 3390 3401 0 0 0 0 0 0 0 0 0 0 0 0 0 0
 3391 3393 0 0 0 0 0 0 0 0 0 0 0 0 0 0
 3392 3390 0 0 0 0 0 0 0 0 0 0 0 0 0 0
 3393 3391 0 0 0 0 0 0 0 0 0 0 0 0 0 0
 3395 3393 0 0 0 0 0 0 0 0 0 0 0 0 0 0
 3396 3395 0 0 0 0 0 0 0 0 0 0 0 0 0 0
 3400 3402 0 0 0 0 0 0 0 0 0 0 0 0 0 0
 3401 3400 3402 3409 0 0 0 0 0 0 0 0 0 0 0 0
 3402 3400 0 0 0 0 0 0 0 0 0 0 0 0 0 0
 3407 3315 0 0 0 0 0 0 0 0 0 0 0 0 0 0
 3409 3401 0 0 0 0 0 0 0 0 0 0 0 0 0 0
 3412 3401 0 0 0 0 0 0 0 0 0 0 0 0 0 0
 3413 3319 0 0 0 0 0 0 0 0 0 0 0 0 0 0
 3414 3418 0 0 0 0 0 0 0 0 0 0 0 0 0 0
 3415 3419 0 0 0 0 0 0 0 0 0 0 0 0 0 0
 3418 3415 0 0 0 0 0 0 0 0 0 0 0 0 0 0
 3419 3415 0 0 0 0 0 0 0 0 0 0 0 0 0 0
 3420 3413 0 0 0 0 0 0 0 0 0 0 0 0 0 0
 3423 3418 0 0 0 0 0 0 0 0 0 0 0 0 0 0
 3424 3395 0 0 0 0 0 0 0 0 0 0 0 0 0 0
 3427 3429 0 0 0 0 0 0 0 0 0 0 0 0 0 0
 3428 3063 0 0 0 0 0 0 0 0 0 0 0 0 0 0
 3429 3427 0 0 0 0 0 0 0 0 0 0 0 0 0 0
 3430 3432 0 0 0 0 0 0 0 0 0 0 0 0 0 0
 3431 3438 0 0 0 0 0 0 0 0 0 0 0 0 0 0
 3432 3433 0 0 0 0 0 0 0 0 0 0 0 0 0 0
 3433 3432 0 0 0 0 0 0 0 0 0 0 0 0 0 0
 3434 3433 0 0 0 0 0 0 0 0 0 0 0 0 0 0
 3435 3442 0 0 0 0 0 0 0 0 0 0 0 0 0 0
 3437 3340 0 0 0 0 0 0 0 0 0 0 0 0 0 0
 3438 3437 0 0 0 0 0 0 0 0 0 0 0 0 0 0
 3440 3441 0 0 0 0 0 0 0 0 0 0 0 0 0 0
 3441 3440 0 0 0 0 0 0 0 0 0 0 0 0 0 0
 3442 3444 0 0 0 0 0 0 0 0 0 0 0 0 0 0
 3444 3442 3446 3447 3448 0 0 0 0 0 0 0 0 0 0 0
 3446 3447 0 0 0 0 0 0 0 0 0 0 0 0 0 0
 3447 3448 0 0 0 0 0 0 0 0 0 0 0 0 0 0
 3448 3447 0 0 0 0 0 0 0 0 0 0 0 0 0 0
 3450 3451 0 0 0 0 0 0 0 0 0 0 0 0 0 0
 3451 3450 0 0 0 0 0 0 0 0 0 0 0 0 0 0
 3453 3451 0 0 0 0 0 0 0 0 0 0 0 0 0 0
 3458 3341 0 0 0 0 0 0 0 0 0 0 0 0 0 0
 3460 3461 0 0 0 0 0 0 0 0 0 0 0 0 0 0
 3461 3364 3451 3458 3460 0 0 0 0 0 0 0 0 0 0 0
 3462 3364 3555 0 0 0 0 0 0 0 0 0 0 0 0 0
 3463 3515 3551 0 0 0 0 0 0 0 0 0 0 0 0 0
 3464 3465 0 0 0 0 0 0 0 0 0 0 0 0 0 0
 3465 3464 0 0 0 0 0 0 0 0 0 0 0 0 0 0
 3467 3465 0 0 0 0 0 0 0 0 0 0 0 0 0 0
 3468 3373 0 0 0 0 0 0 0 0 0 0 0 0 0 0
 3469 3377 0 0 0 0 0 0 0 0 0 0 0 0 0 0
 3472 3465 0 0 0 0 0 0 0 0 0 0 0 0 0 0
 3475 3518 0 0 0 0 0 0 0 0 0 0 0 0 0 0
 3477 3384 3387 3478 3480 0 0 0 0 0 0 0 0 0 0 0
 3478 3477 0 0 0 0 0 0 0 0 0 0 0 0 0 0
 3480 3482 0 0 0 0 0 0 0 0 0 0 0 0 0 0
 3482 3480 0 0 0 0 0 0 0 0 0 0 0 0 0 0
 3483 3482 0 0 0 0 0 0 0 0 0 0 0 0 0 0
 3485 3487 0 0 0 0 0 0 0 0 0 0 0 0 0 0
 3487 3485 0 0 0 0 0 0 0 0 0 0 0 0 0 0
 3488 3489 0 0 0 0 0 0 0 0 0 0 0 0 0 0
 3489 3488 0 0 0 0 0 0 0 0 0 0 0 0 0 0
 3490 3501 3507 3509 3549 0 0 0 0 0 0 0 0 0 0 0
 3491 3489 0 0 0 0 0 0 0 0 0 0 0 0 0 0
 3494 3501 0 0 0 0 0 0 0 0 0 0 0 0 0 0
 3496 3498 3505 0 0 0 0 0 0 0 0 0 0 0 0 0
 3498 3500 0 0 0 0 0 0 0 0 0 0 0 0 0 0
 3500 3502 3505 0 0 0 0 0 0 0 0 0 0 0 0 0
 3501 3494 3496 0 0 0 0 0 0 0 0 0 0 0 0 0
 3502 3500 0 0 0 0 0 0 0 0 0 0 0 0 0 0
 3505 3500 0 0 0 0 0 0 0 0 0 0 0 0 0 0
 3506 3490 0 0 0 0 0 0 0 0 0 0 0 0 0 0
 3507 3490 0 0 0 0 0 0 0 0 0 0 0 0 0 0
 3509 3490 0 0 0 0 0 0 0 0 0 0 0 0 0 0
 3512 3506 0 0 0 0 0 0 0 0 0 0 0 0 0 0
 3515 3463 0 0 0 0 0 0 0 0 0 0 0 0 0 0
 3516 3551 0 0 0 0 0 0 0 0 0 0 0 0 0 0
 3517 3516 3518 3520 3575 0 0 0 0 0 0 0 0 0 0 0
 3518 3475 3517 3520 3555 3575 0 0 0 0 0 0 0 0 0 0
 3520 3575 0 0 0 0 0 0 0 0 0 0 0 0 0 0
 3521 3522 0 0 0 0 0 0 0 0 0 0 0 0 0 0
 3522 3521 0 0 0 0 0 0 0 0 0 0 0 0 0 0
 3523 3444 0 0 0 0 0 0 0 0 0 0 0 0 0 0
 3525 3518 3527 0 0 0 0 0 0 0 0 0 0 0 0 0
 3527 3480 0 0 0 0 0 0 0 0 0 0 0 0 0 0
 3529 3527 0 0 0 0 0 0 0 0 0 0 0 0 0 0
 3530 3483 0 0 0 0 0 0 0 0 0 0 0 0 0 0
 3531 3485 0 0 0 0 0 0 0 0 0 0 0 0 0 0
 3533 3531 3544 3579 3583 3584 3585 3586 0 0 0 0 0 0 0 0
 3537 3525 0 0 0 0 0 0 0 0 0 0 0 0 0 0
 3540 3527 0 0 0 0 0 0 0 0 0 0 0 0 0 0
 3542 3579 0 0 0 0 0 0 0 0 0 0 0 0 0 0
 3544 3585 0 0 0 0 0 0 0 0 0 0 0 0 0 0
 3546 3490 0 0 0 0 0 0 0 0 0 0 0 0 0 0
 3549 3490 3546 0 0 0 0 0 0 0 0 0 0 0 0 0
 3550 3551 3552 3554 3556 3557 3558 3559 3570 0 0 0 0 0 0 0
 3551 3463 3515 3516 3523 3550 3552 3554 3555 3556 3557 0 0 0 0 0
 3552 3550 3551 0 0 0 0 0 0 0 0 0 0 0 0 0
 3554 3550 3556 0 0 0 0 0 0 0 0 0 0 0 0 0
 3555 3364 3450 3451 3453 3462 3463 3464 3465 3472 3515 3551 3556 0 0 0
 3556 3551 0 0 0 0 0 0 0 0 0 0 0 0 0 0
 3557 3551 0 0 0 0 0 0 0 0 0 0 0 0 0 0
 3558 3559 0 0 0 0 0 0 0 0 0 0 0 0 0 0
 3559 3557 0 0 0 0 0 0 0 0 0 0 0 0 0 0
 3561 3550 0 0 0 0 0 0 0 0 0 0 0 0 0 0
 3562 3566 0 0 0 0 0 0 0 0 0 0 0 0 0 0
 3563 3572 0 0 0 0 0 0 0 0 0 0 0 0 0 0
 3564 3622 0 0 0 0 0 0 0 0 0 0 0 0 0 0
 3565 3561 0 0 0 0 0 0 0 0 0 0 0 0 0 0
 3566 3567 0 0 0 0 0 0 0 0 0 0 0 0 0 0
 3567 3568 0 0 0 0 0 0 0 0 0 0 0 0 0 0
 3568 3579 0 0 0 0 0 0 0 0 0 0 0 0 0 0
 3570 3556 0 0 0 0 0 0 0 0 0 0 0 0 0 0
 3571 3573 0 0 0 0 0 0 0 0 0 0 0 0 0 0
 3572 3573 0 0 0 0 0 0 0 0 0 0 0 0 0 0
 3573 3572 0 0 0 0 0 0 0 0 0 0 0 0 0 0
 3575 3517 3520 3537 3571 3572 3573 3576 0 0 0 0 0 0 0 0
 3576 3575 0 0 0 0 0 0 0 0 0 0 0 0 0 0
 3579 3533 3540 3581 3583 3585 0 0 0 0 0 0 0 0 0 0
 3580 3579 0 0 0 0 0 0 0 0 0 0 0 0 0 0
 3581 3579 0 0 0 0 0 0 0 0 0 0 0 0 0 0
 3583 3584 0 0 0 0 0 0 0 0 0 0 0 0 0 0
 3584 3583 0 0 0 0 0 0 0 0 0 0 0 0 0 0
 3585 3544 3583 3584 3586 3588 3589 0 0 0 0 0 0 0 0 0
 3586 3585 3588 3589 3590 0 0 0 0 0 0 0 0 0 0 0
 3588 3589 0 0 0 0 0 0 0 0 0 0 0 0 0 0
 3589 3586 3588 0 0 0 0 0 0 0 0 0 0 0 0 0
 3590 3589 0 0 0 0 0 0 0 0 0 0 0 0 0 0
 3591 3585 0 0 0 0 0 0 0 0 0 0 0 0 0 0
 3594 3596 0 0 0 0 0 0 0 0 0 0 0 0 0 0
 3595 3594 0 0 0 0 0 0 0 0 0 0 0 0 0 0
 3596 3594 0 0 0 0 0 0 0 0 0 0 0 0 0 0
 3597 3599 0 0 0 0 0 0 0 0 0 0 0 0 0 0
 3599 3597 0 0 0 0 0 0 0 0 0 0 0 0 0 0
 3607 3608 0 0 0 0 0 0 0 0 0 0 0 0 0 0
 3608 3607 0 0 0 0 0 0 0 0 0 0 0 0 0 0
 3610 3616 0 0 0 0 0 0 0 0 0 0 0 0 0 0
 3612 3559 0 0 0 0 0 0 0 0 0 0 0 0 0 0
 3614 3610 0 0 0 0 0 0 0 0 0 0 0 0 0 0
 3616 3617 0 0 0 0 0 0 0 0 0 0 0 0 0 0
 3617 3616 0 0 0 0 0 0 0 0 0 0 0 0 0 0
 3618 3620 0 0 0 0 0 0 0 0 0 0 0 0 0 0
 3619 3620 0 0 0 0 0 0 0 0 0 0 0 0 0 0
 3620 3619 0 0 0 0 0 0 0 0 0 0 0 0 0 0
 3621 3619 0 0 0 0 0 0 0 0 0 0 0 0 0 0
 3622 3561 0 0 0 0 0 0 0 0 0 0 0 0 0 0
 3623 3561 0 0 0 0 0 0 0 0 0 0 0 0 0 0
 3624 3561 0 0 0 0 0 0 0 0 0 0 0 0 0 0
 3629 3617 0 0 0 0 0 0 0 0 0 0 0 0 0 0
 3630 3631 3632 0 0 0 0 0 0 0 0 0 0 0 0 0
 3631 3630 3632 3669 0 0 0 0 0 0 0 0 0 0 0 0
 3632 3630 0 0 0 0 0 0 0 0 0 0 0 0 0 0
 3633 3631 0 0 0 0 0 0 0 0 0 0 0 0 0 0
 3634 3629 0 0 0 0 0 0 0 0 0 0 0 0 0 0
 3635 3634 0 0 0 0 0 0 0 0 0 0 0 0 0 0
 3636 3635 0 0 0 0 0 0 0 0 0 0 0 0 0 0
 3637 3635 0 0 0 0 0 0 0 0 0 0 0 0 0 0
 3638 3635 0 0 0 0 0 0 0 0 0 0 0 0 0 0
 3639 3564 0 0 0 0 0 0 0 0 0 0 0 0 0 0
 3640 3641 0 0 0 0 0 0 0 0 0 0 0 0 0 0
 3641 3637 0 0 0 0 0 0 0 0 0 0 0 0 0 0
 3643 3644 0 0 0 0 0 0 0 0 0 0 0 0 0 0
 3644 3643 0 0 0 0 0 0 0 0 0 0 0 0 0 0
 3646 3725 0 0 0 0 0 0 0 0 0 0 0 0 0 0
 3647 3644 0 0 0 0 0 0 0 0 0 0 0 0 0 0
 3649 3644 0 0 0 0 0 0 0 0 0 0 0 0 0 0
 3658 3764 0 0 0 0 0 0 0 0 0 0 0 0 0 0
 3659 3660 0 0 0 0 0 0 0 0 0 0 0 0 0 0
 3660 3659 3661 3662 3666 0 0 0 0 0 0 0 0 0 0 0
 3661 3660 0 0 0 0 0 0 0 0 0 0 0 0 0 0
 3662 3660 0 0 0 0 0 0 0 0 0 0 0 0 0 0
 3663 3664 0 0 0 0 0 0 0 0 0 0 0 0 0 0
 3664 3663 0 0 0 0 0 0 0 0 0 0 0 0 0 0
 3665 3666 0 0 0 0 0 0 0 0 0 0 0 0 0 0
 3666 3665 3669 0 0 0 0 0 0 0 0 0 0 0 0 0
 3669 3666 0 0 0 0 0 0 0 0 0 0 0 0 0 0
 3670 3669 0 0 0 0 0 0 0 0 0 0 0 0 0 0
 3671 3672 0 0 0 0 0 0 0 0 0 0 0 0 0 0
 3672 3671 0 0 0 0 0 0 0 0 0 0 0 0 0 0
 3673 3671 3672 3724 0 0 0 0 0 0 0 0 0 0 0 0
 3675 3673 0 0 0 0 0 0 0 0 0 0 0 0 0 0
 3676 3677 0 0 0 0 0 0 0 0 0 0 0 0 0 0
 3677 3676 0 0 0 0 0 0 0 0 0 0 0 0 0 0
 3678 3675 3676 3677 3682 3732 3733 3746 0 0 0 0 0 0 0 0
 3682 3678 0 0 0 0 0 0 0 0 0 0 0 0 0 0
 3683 3688 0 0 0 0 0 0 0 0 0 0 0 0 0 0
 3685 3687 0 0 0 0 0 0 0 0 0 0 0 0 0 0
 3687 3685 0 0 0 0 0 0 0 0 0 0 0 0 0 0
 3688 3683 0 0 0 0 0 0 0 0 0 0 0 0 0 0
 3689 3690 0 0 0 0 0 0 0 0 0 0 0 0 0 0
 3690 3689 0 0 0 0 0 0 0 0 0 0 0 0 0 0
 3691 3689 3690 3694 3695 3700 3701 0 0 0 0 0 0 0 0 0
 3694 3691 0 0 0 0 0 0 0 0 0 0 0 0 0 0
 3695 3691 0 0 0 0 0 0 0 0 0 0 0 0 0 0
 3697 3699 0 0 0 0 0 0 0 0 0 0 0 0 0 0
 3698 3699 0 0 0 0 0 0 0 0 0 0 0 0 0 0
 3699 3698 0 0 0 0 0 0 0 0 0 0 0 0 0 0
 3700 3701 0 0 0 0 0 0 0 0 0 0 0 0 0 0
 3701 3700 0 0 0 0 0 0 0 0 0 0 0 0 0 0
 3704 3691 0 0 0 0 0 0 0 0 0 0 0 0 0 0
 3705 3707 0 0 0 0 0 0 0 0 0 0 0 0 0 0
 3707 3705 0 0 0 0 0 0 0 0 0 0 0 0 0 0
 3708 3707 0 0 0 0 0 0 0 0 0 0 0 0 0 0
 3709 3704 0 0 0 0 0 0 0 0 0 0 0 0 0 0
 3711 3779 0 0 0 0 0 0 0 0 0 0 0 0 0 0
 3712 3714 0 0 0 0 0 0 0 0 0 0 0 0 0 0
 3713 3712 0 0 0 0 0 0 0 0 0 0 0 0 0 0
 3714 3712 0 0 0 0 0 0 0 0 0 0 0 0 0 0
 3715 3719 0 0 0 0 0 0 0 0 0 0 0 0 0 0
 3717 3777 0 0 0 0 0 0 0 0 0 0 0 0 0 0
 3718 3717 0 0 0 0 0 0 0 0 0 0 0 0 0 0
 3719 3666 0 0 0 0 0 0 0 0 0 0 0 0 0 0
 3720 3715 0 0 0 0 0 0 0 0 0 0 0 0 0 0
 3722 3723 0 0 0 0 0 0 0 0 0 0 0 0 0 0
 3723 3713 3722 3875 0 0 0 0 0 0 0 0 0 0 0 0
 3724 3673 0 0 0 0 0 0 0 0 0 0 0 0 0 0
 3725 3726 0 0 0 0 0 0 0 0 0 0 0 0 0 0
 3726 3725 0 0 0 0 0 0 0 0 0 0 0 0 0 0
 3727 3646 0 0 0 0 0 0 0 0 0 0 0 0 0 0
 3728 3646 0 0 0 0 0 0 0 0 0 0 0 0 0 0
 3730 3728 0 0 0 0 0 0 0 0 0 0 0 0 0 0
 3732 3733 0 0 0 0 0 0 0 0 0 0 0 0 0 0
 3733 3678 0 0 0 0 0 0 0 0 0 0 0 0 0 0
 3735 3678 0 0 0 0 0 0 0 0 0 0 0 0 0 0
 3736 3737 0 0 0 0 0 0 0 0 0 0 0 0 0 0
 3737 3736 3738 3739 0 0 0 0 0 0 0 0 0 0 0 0
 3738 3739 0 0 0 0 0 0 0 0 0 0 0 0 0 0
 3739 3738 0 0 0 0 0 0 0 0 0 0 0 0 0 0
 3740 3737 0 0 0 0 0 0 0 0 0 0 0 0 0 0
 3741 3698 0 0 0 0 0 0 0 0 0 0 0 0 0 0
 3744 3741 0 0 0 0 0 0 0 0 0 0 0 0 0 0
 3746 3678 0 0 0 0 0 0 0 0 0 0 0 0 0 0
 3747 3678 0 0 0 0 0 0 0 0 0 0 0 0 0 0
 3749 3691 0 0 0 0 0 0 0 0 0 0 0 0 0 0
 3750 3751 0 0 0 0 0 0 0 0 0 0 0 0 0 0
 3751 3750 0 0 0 0 0 0 0 0 0 0 0 0 0 0
 3752 3090 0 0 0 0 0 0 0 0 0 0 0 0 0 0
 3753 3064 0 0 0 0 0 0 0 0 0 0 0 0 0 0
 3754 3755 0 0 0 0 0 0 0 0 0 0 0 0 0 0
 3755 3754 0 0 0 0 0 0 0 0 0 0 0 0 0 0
 3756 3064 0 0 0 0 0 0 0 0 0 0 0 0 0 0
 3757 3764 0 0 0 0 0 0 0 0 0 0 0 0 0 0
 3758 3756 0 0 0 0 0 0 0 0 0 0 0 0 0 0
 3759 3099 0 0 0 0 0 0 0 0 0 0 0 0 0 0
 3760 3761 0 0 0 0 0 0 0 0 0 0 0 0 0 0
 3761 3760 0 0 0 0 0 0 0 0 0 0 0 0 0 0
 3762 3764 0 0 0 0 0 0 0 0 0 0 0 0 0 0
 3763 3757 0 0 0 0 0 0 0 0 0 0 0 0 0 0
 3764 3658 3717 3756 3758 3762 0 0 0 0 0 0 0 0 0 0
 3765 3137 3766 3767 0 0 0 0 0 0 0 0 0 0 0 0
 3766 3765 3767 0 0 0 0 0 0 0 0 0 0 0 0 0
 3767 3765 3766 3788 0 0 0 0 0 0 0 0 0 0 0 0
 3770 3140 0 0 0 0 0 0 0 0 0 0 0 0 0 0
 3775 3770 0 0 0 0 0 0 0 0 0 0 0 0 0 0
 3777 3770 3775 0 0 0 0 0 0 0 0 0 0 0 0 0
 3778 3711 0 0 0 0 0 0 0 0 0 0 0 0 0 0
 3779 3711 0 0 0 0 0 0 0 0 0 0 0 0 0 0
 3781 3782 0 0 0 0 0 0 0 0 0 0 0 0 0 0
 3782 3159 3781 3793 0 0 0 0 0 0 0 0 0 0 0 0
 3783 3139 0 0 0 0 0 0 0 0 0 0 0 0 0 0
 3785 3158 3160 3786 3789 0 0 0 0 0 0 0 0 0 0 0
 3786 3158 3160 3785 3787 3789 0 0 0 0 0 0 0 0 0 0
 3787 3786 3788 3789 3791 0 0 0 0 0 0 0 0 0 0 0
 3788 3767 3787 0 0 0 0 0 0 0 0 0 0 0 0 0
 3789 3158 3160 3785 3786 3787 3791 0 0 0 0 0 0 0 0 0
 3791 3160 3787 3789 3792 0 0 0 0 0 0 0 0 0 0 0
 3792 3159 3791 3793 0 0 0 0 0 0 0 0 0 0 0 0
 3793 3792 0 0 0 0 0 0 0 0 0 0 0 0 0 0
 3795 3139 0 0 0 0 0 0 0 0 0 0 0 0 0 0
 3796 3766 0 0 0 0 0 0 0 0 0 0 0 0 0 0
 3797 3799 0 0 0 0 0 0 0 0 0 0 0 0 0 0
 3799 3797 0 0 0 0 0 0 0 0 0 0 0 0 0 0
 3800 3164 3166 3168 0 0 0 0 0 0 0 0 0 0 0 0
 3802 3177 0 0 0 0 0 0 0 0 0 0 0 0 0 0
 3803 3177 3976 0 0 0 0 0 0 0 0 0 0 0 0 0
 3804 3806 0 0 0 0 0 0 0 0 0 0 0 0 0 0
 3805 3803 0 0 0 0 0 0 0 0 0 0 0 0 0 0
 3806 3807 0 0 0 0 0 0 0 0 0 0 0 0 0 0
 3807 3806 0 0 0 0 0 0 0 0 0 0 0 0 0 0
 3808 3807 0 0 0 0 0 0 0 0 0 0 0 0 0 0
 3809 3807 0 0 0 0 0 0 0 0 0 0 0 0 0 0
 3810 3978 0 0 0 0 0 0 0 0 0 0 0 0 0 0
 3812 3813 0 0 0 0 0 0 0 0 0 0 0 0 0 0
 3813 3812 0 0 0 0 0 0 0 0 0 0 0 0 0 0
 3814 3812 3813 3815 0 0 0 0 0 0 0 0 0 0 0 0
 3815 3814 0 0 0 0 0 0 0 0 0 0 0 0 0 0
 3816 3815 0 0 0 0 0 0 0 0 0 0 0 0 0 0
 3818 3816 3821 0 0 0 0 0 0 0 0 0 0 0 0 0
 3820 3821 0 0 0 0 0 0 0 0 0 0 0 0 0 0
 3821 3820 3822 3823 0 0 0 0 0 0 0 0 0 0 0 0
 3822 3821 0 0 0 0 0 0 0 0 0 0 0 0 0 0
 3823 3822 0 0 0 0 0 0 0 0 0 0 0 0 0 0
 3824 3835 0 0 0 0 0 0 0 0 0 0 0 0 0 0
 3825 3824 3833 0 0 0 0 0 0 0 0 0 0 0 0 0
 3831 3821 0 0 0 0 0 0 0 0 0 0 0 0 0 0
 3832 3831 0 0 0 0 0 0 0 0 0 0 0 0 0 0
 3833 3825 3832 0 0 0 0 0 0 0 0 0 0 0 0 0
 3835 3824 0 0 0 0 0 0 0 0 0 0 0 0 0 0
 3840 3842 0 0 0 0 0 0 0 0 0 0 0 0 0 0
 3841 3844 0 0 0 0 0 0 0 0 0 0 0 0 0 0
 3842 3840 0 0 0 0 0 0 0 0 0 0 0 0 0 0
 3844 3840 3841 3854 3873 0 0 0 0 0 0 0 0 0 0 0
 3847 3844 0 0 0 0 0 0 0 0 0 0 0 0 0 0
 3850 3853 0 0 0 0 0 0 0 0 0 0 0 0 0 0
 3851 3850 3852 3853 0 0 0 0 0 0 0 0 0 0 0 0
 3852 3851 0 0 0 0 0 0 0 0 0 0 0 0 0 0
 3853 3850 0 0 0 0 0 0 0 0 0 0 0 0 0 0
 3854 3844 0 0 0 0 0 0 0 0 0 0 0 0 0 0
 3856 3854 0 0 0 0 0 0 0 0 0 0 0 0 0 0
 3857 3858 0 0 0 0 0 0 0 0 0 0 0 0 0 0
 3858 3857 3859 3860 0 0 0 0 0 0 0 0 0 0 0 0
 3859 3858 0 0 0 0 0 0 0 0 0 0 0 0 0 0
 3860 3859 3862 0 0 0 0 0 0 0 0 0 0 0 0 0
 3862 3860 3864 3875 0 0 0 0 0 0 0 0 0 0 0 0
 3864 3875 0 0 0 0 0 0 0 0 0 0 0 0 0 0
 3865 3875 0 0 0 0 0 0 0 0 0 0 0 0 0 0
 3869 3870 0 0 0 0 0 0 0 0 0 0 0 0 0 0
 3870 3871 0 0 0 0 0 0 0 0 0 0 0 0 0 0
 3871 3953 3956 3960 0 0 0 0 0 0 0 0 0 0 0 0
 3873 3847 0 0 0 0 0 0 0 0 0 0 0 0 0 0
 3874 3844 0 0 0 0 0 0 0 0 0 0 0 0 0 0
 3875 3723 3825 3833 3858 3859 3860 3862 3864 3865 3878 3896 3898 0 0 0
 3878 3875 0 0 0 0 0 0 0 0 0 0 0 0 0 0
 3880 3875 0 0 0 0 0 0 0 0 0 0 0 0 0 0
 3882 3902 0 0 0 0 0 0 0 0 0 0 0 0 0 0
 3885 3887 3888 3893 3895 3896 0 0 0 0 0 0 0 0 0 0
 3886 3888 0 0 0 0 0 0 0 0 0 0 0 0 0 0
 3887 3888 0 0 0 0 0 0 0 0 0 0 0 0 0 0
 3888 3885 3886 3889 0 0 0 0 0 0 0 0 0 0 0 0
 3889 3888 0 0 0 0 0 0 0 0 0 0 0 0 0 0
 3890 3889 0 0 0 0 0 0 0 0 0 0 0 0 0 0
 3891 3890 0 0 0 0 0 0 0 0 0 0 0 0 0 0
 3892 3891 0 0 0 0 0 0 0 0 0 0 0 0 0 0
 3893 3875 0 0 0 0 0 0 0 0 0 0 0 0 0 0
 3895 3893 0 0 0 0 0 0 0 0 0 0 0 0 0 0
 3896 3895 3898 0 0 0 0 0 0 0 0 0 0 0 0 0
 3898 3896 0 0 0 0 0 0 0 0 0 0 0 0 0 0
 3900 3898 0 0 0 0 0 0 0 0 0 0 0 0 0 0
 3902 3882 0 0 0 0 0 0 0 0 0 0 0 0 0 0
 3903 3902 0 0 0 0 0 0 0 0 0 0 0 0 0 0
 3904 3909 0 0 0 0 0 0 0 0 0 0 0 0 0 0
 3909 3904 0 0 0 0 0 0 0 0 0 0 0 0 0 0
 3910 3199 0 0 0 0 0 0 0 0 0 0 0 0 0 0
 3911 3910 0 0 0 0 0 0 0 0 0 0 0 0 0 0
 3912 3911 0 0 0 0 0 0 0 0 0 0 0 0 0 0
 3913 3912 0 0 0 0 0 0 0 0 0 0 0 0 0 0
 3915 3926 0 0 0 0 0 0 0 0 0 0 0 0 0 0
 3916 3937 0 0 0 0 0 0 0 0 0 0 0 0 0 0
 3918 3915 0 0 0 0 0 0 0 0 0 0 0 0 0 0
 3919 3920 0 0 0 0 0 0 0 0 0 0 0 0 0 0
 3920 3919 0 0 0 0 0 0 0 0 0 0 0 0 0 0
 3921 3923 0 0 0 0 0 0 0 0 0 0 0 0 0 0
 3922 3231 3916 3920 3926 3927 3928 3929 3937 3939 3940 3941 0 0 0 0
 3923 3922 0 0 0 0 0 0 0 0 0 0 0 0 0 0
 3925 3923 0 0 0 0 0 0 0 0 0 0 0 0 0 0
 3926 3916 0 0 0 0 0 0 0 0 0 0 0 0 0 0
 3927 3920 0 0 0 0 0 0 0 0 0 0 0 0 0 0
 3928 3936 0 0 0 0 0 0 0 0 0 0 0 0 0 0
 3929 3916 0 0 0 0 0 0 0 0 0 0 0 0 0 0
 3930 3933 0 0 0 0 0 0 0 0 0 0 0 0 0 0
 3931 3934 0 0 0 0 0 0 0 0 0 0 0 0 0 0
 3933 3930 0 0 0 0 0 0 0 0 0 0 0 0 0 0
 3934 3936 0 0 0 0 0 0 0 0 0 0 0 0 0 0
 3936 3937 0 0 0 0 0 0 0 0 0 0 0 0 0 0
 3937 3916 0 0 0 0 0 0 0 0 0 0 0 0 0 0
 3938 3939 0 0 0 0 0 0 0 0 0 0 0 0 0 0
 3939 3940 0 0 0 0 0 0 0 0 0 0 0 0 0 0
 3940 3939 0 0 0 0 0 0 0 0 0 0 0 0 0 0
 3941 3942 0 0 0 0 0 0 0 0 0 0 0 0 0 0
 3942 3941 0 0 0 0 0 0 0 0 0 0 0 0 0 0
 3943 3944 0 0 0 0 0 0 0 0 0 0 0 0 0 0
 3944 3943 0 0 0 0 0 0 0 0 0 0 0 0 0 0
 3945 3979 0 0 0 0 0 0 0 0 0 0 0 0 0 0
 3946 3950 0 0 0 0 0 0 0 0 0 0 0 0 0 0
 3950 3951 0 0 0 0 0 0 0 0 0 0 0 0 0 0
 3951 3946 3950 0 0 0 0 0 0 0 0 0 0 0 0 0
 3953 3871 3950 0 0 0 0 0 0 0 0 0 0 0 0 0
 3954 3953 0 0 0 0 0 0 0 0 0 0 0 0 0 0
 3956 3953 3954 3957 3958 3960 0 0 0 0 0 0 0 0 0 0
 3957 3956 0 0 0 0 0 0 0 0 0 0 0 0 0 0
 3958 3956 0 0 0 0 0 0 0 0 0 0 0 0 0 0
 3959 3956 0 0 0 0 0 0 0 0 0 0 0 0 0 0
 3960 3871 3962 3964 0 0 0 0 0 0 0 0 0 0 0 0
 3962 3966 0 0 0 0 0 0 0 0 0 0 0 0 0 0
 3964 3962 0 0 0 0 0 0 0 0 0 0 0 0 0 0
 3965 3967 0 0 0 0 0 0 0 0 0 0 0 0 0 0
 3966 3962 0 0 0 0 0 0 0 0 0 0 0 0 0 0
 3967 3966 0 0 0 0 0 0 0 0 0 0 0 0 0 0
 3971 3967 0 0 0 0 0 0 0 0 0 0 0 0 0 0
 3975 3976 0 0 0 0 0 0 0 0 0 0 0 0 0 0
 3976 3803 3975 0 0 0 0 0 0 0 0 0 0 0 0 0
 3977 3912 0 0 0 0 0 0 0 0 0 0 0 0 0 0
 3978 3810 0 0 0 0 0 0 0 0 0 0 0 0 0 0
 3979 3992 0 0 0 0 0 0 0 0 0 0 0 0 0 0
 3980 3977 0 0 0 0 0 0 0 0 0 0 0 0 0 0
 3981 3814 3984 0 0 0 0 0 0 0 0 0 0 0 0 0
 3984 3990 0 0 0 0 0 0 0 0 0 0 0 0 0 0
 3987 3945 0 0 0 0 0 0 0 0 0 0 0 0 0 0
 3988 3818 0 0 0 0 0 0 0 0 0 0 0 0 0 0
 3990 3984 0 0 0 0 0 0 0 0 0 0 0 0 0 0
 3991 3995 0 0 0 0 0 0 0 0 0 0 0 0 0 0
 3992 3995 0 0 0 0 0 0 0 0 0 0 0 0 0 0
 3995 3992 0 0 0 0 0 0 0 0 0 0 0 0 0 0
 3996 3995 0 0 0 0 0 0 0 0 0 0 0 0 0 0
