25
23
23
20
26
18
19
27
32
35
22
24
34
43
42
42
44
25
22
24
21
23
32
22
19
28
35
42
23
31
27
33
41
37
24
30
35
38
42
40
23
26
27
27
27
28
23
25
31
24
19
19
19
24
27
36
21
20
22
23
23
26
33
26
21
22
27
33
34
31
20
23
28
29
19
25
24
22
31
25
18
16
18
24
26
25
22
24
26
31
33
25
17
18
23
23
24
21
17
18
17
21
20
19
19
22
24
19
16
19
19
17
18
17
20
19
16
21
19
16
16
13
16
12
16
14
14
17
16
17
19
18
20
21
22
23
19
20
23
21
23
21
19
17
19
19
20
18
15
17
18
14
15
16
18
14
15
16
13
14
18
16
15
16
14
14
16
15
13
11
14
14
14
14
13
15
15
14
11
11
12
12
15
12
11
14
13
15
13
11
13
14
10
13
12
11
13
12
11
11
12
12
10
12
14
16
14
16
16
16
18
18
10
11
13
14
15
15
13
15
13
12
11
11
13
14
17
13
14
12
12
12
16
19
19
15
14
17
19
21
14
20
21
16
13
13
14
15
19
19
20
19
18
15
13
18
19
18
14
14
13
15
15
16
22
25
23
14
17
22
27
22
24
22
17
18
26
19
26
16
19
23
23
21
31
14
15
15
15
17
24
28
19
27
31
19
31
20
25
22
20
23
22
32
20
17
24
29
17
23
32
36
19
20
17
26
33
27
17
20
21
20
28
31
23
30
25
23
21
18
18
21
26
35
28
26
22
26
19
22
17
19
21
20
20
25
30
25
24
32
22
24
19
23
33
25
28
21
25
19
22
32
27
23
26
