31.1
31.9
32.8
33.5
30.5
32.1
33.3
27.1
27.5
31.5
29.4
13.6
5.3
30.5
32.6
32.3
26.3
18.9
27.0
32.2
29.4
28.3
31.3
30.8
9.6
12.5
26.8
30.9
22.8
30.8
16.0
25.8
29.6
27.9
26.7
29.5
28.0
29.3
28.7
27.6
24.8
29.4
26.7
28.5
24.1
28.1
27.4
27.9
27.7
3.5
27.7
21.1
22.1
26.9
23.5
23.1
10.3
4.9
12.3
26.0
26.3
26.3
25.6
25.3
23.9
22.2
22.0
21.9
20.0
22.2
22.4
16.2
16.4
20.0
7.9
8.8
20.1
21.6
20.2
4.0
7.6
8.5
14.7
18.4
19.2
15.9
9.5
8.6
9.3
7.4
11.1
7.0
8.9
18.5
16.3
16.8
13.1
15.4
15.7
16.4
4.2
15.1
2.8
10.4
4.5
14.7
10.1
7.4
13.5
14.7
13.6
5.5
11.8
9.6
11.0
6.9
12.9
5.2
10.8
9.8
7.2
13.0
9.8
7.5
5.1
12.4
9.3
10.7
11.2
11.0
10.3
6.9
5.4
7.3
5.8
3.3
7.3
6.0
8.9
3.2
9.1
7.0
8.8
8.8
7.5
3.3
4.7
8.1
8.6
2.4
5.9
2.8
8.0
5.2
3.8
4.9
6.2
6.1
8.2
8.3
7.6
3.1
2.7
2.5
5.7
4.3
6.5
2.8
6.7
8.1
8.2
8.0
8.1
8.0
6.2
7.9
8.0
6.9
7.6
4.6
7.2
3.8
8.2
8.7
3.0
6.5
5.9
5.8
8.5
9.1
9.1
7.7
8.4
2.9
2.6
6.7
6.5
6.8
5.9
7.6
3.2
9.8
7.1
5.0
5.9
8.7
8.3
8.5
4.8
10.5
11.0
11.1
10.4
5.2
4.9
7.2
4.4
9.3
6.9
12.3
2.7
11.6
11.6
9.5
12.0
4.2
11.6
13.7
9.9
9.8
10.5
12.3
9.2
9.8
4.1
7.3
7.3
12.6
13.0
11.4
7.2
7.7
16.4
15.0
15.5
14.8
11.4
2.3
4.2
10.0
16.8
9.5
12.0
12.9
13.9
13.2
14.6
17.4
3.6
13.0
8.1
9.3
12.9
15.5
17.9
14.0
12.6
17.0
13.7
20.7
17.3
20.8
4.9
11.7
8.7
15.7
22.3
13.9
11.9
21.3
22.5
19.9
2.8
20.5
24.1
10.2
12.8
18.3
16.9
20.0
25.6
26.0
11.8
3.8
3.2
6.4
17.7
8.7
11.4
18.1
9.2
19.6
15.0
20.9
27.8
26.1
21.5
25.1
29.1
29.5
11.8
3.0
21.5
20.4
17.0
4.3
3.4
11.9
21.7
18.3
30.8
29.8
26.8
9.4
16.7
18.4
19.9
18.5
30.5
27.1
24.6
2.1
17.9
29.8
28.3
30.9
14.4
2.8
12.9
27.2
33.0
5.4
2.4
23.0
21.7
30.9
13.9
25.6
27.8
26.0
22.8
28.2
28.7
29.8
5.7
2.9
9.0
32.3
29.2
20.8
28.6
30.0
33.8
34.1
33.3
